Metadata:
Drug Type: biostatic
Resolution: [0.01       0.01497487 0.01994975 0.02492462 0.0298995  0.03487437
 0.03984925 0.04482412 0.04979899 0.05477387 0.05974874 0.06472362
 0.06969849 0.07467337 0.07964824 0.08462312 0.08959799 0.09457286
 0.09954774 0.10452261 0.10949749 0.11447236 0.11944724 0.12442211
 0.12939698 0.13437186 0.13934673 0.14432161 0.14929648 0.15427136
 0.15924623 0.16422111 0.16919598 0.17417085 0.17914573 0.1841206
 0.18909548 0.19407035 0.19904523 0.2040201  0.20899497 0.21396985
 0.21894472 0.2239196  0.22889447 0.23386935 0.23884422 0.2438191
 0.24879397 0.25376884 0.25874372 0.26371859 0.26869347 0.27366834
 0.27864322 0.28361809 0.28859296 0.29356784 0.29854271 0.30351759
 0.30849246 0.31346734 0.31844221 0.32341709 0.32839196 0.33336683
 0.33834171 0.34331658 0.34829146 0.35326633 0.35824121 0.36321608
 0.36819095 0.37316583 0.3781407  0.38311558 0.38809045 0.39306533
 0.3980402  0.40301508 0.40798995 0.41296482 0.4179397  0.42291457
 0.42788945 0.43286432 0.4378392  0.44281407 0.44778894 0.45276382
 0.45773869 0.46271357 0.46768844 0.47266332 0.47763819 0.48261307
 0.48758794 0.49256281 0.49753769 0.50251256 0.50748744 0.51246231
 0.51743719 0.52241206 0.52738693 0.53236181 0.53733668 0.54231156
 0.54728643 0.55226131 0.55723618 0.56221106 0.56718593 0.5721608
 0.57713568 0.58211055 0.58708543 0.5920603  0.59703518 0.60201005
 0.60698492 0.6119598  0.61693467 0.62190955 0.62688442 0.6318593
 0.63683417 0.64180905 0.64678392 0.65175879 0.65673367 0.66170854
 0.66668342 0.67165829 0.67663317 0.68160804 0.68658291 0.69155779
 0.69653266 0.70150754 0.70648241 0.71145729 0.71643216 0.72140704
 0.72638191 0.73135678 0.73633166 0.74130653 0.74628141 0.75125628
 0.75623116 0.76120603 0.7661809  0.77115578 0.77613065 0.78110553
 0.7860804  0.79105528 0.79603015 0.80100503 0.8059799  0.81095477
 0.81592965 0.82090452 0.8258794  0.83085427 0.83582915 0.84080402
 0.84577889 0.85075377 0.85572864 0.86070352 0.86567839 0.87065327
 0.87562814 0.88060302 0.88557789 0.89055276 0.89552764 0.90050251
 0.90547739 0.91045226 0.91542714 0.92040201 0.92537688 0.93035176
 0.93532663 0.94030151 0.94527638 0.95025126 0.95522613 0.96020101
 0.96517588 0.97015075 0.97512563 0.9801005  0.98507538 0.99005025
 0.99502513 1.        ]x[0.01       0.01497487 0.01994975 0.02492462 0.0298995  0.03487437
 0.03984925 0.04482412 0.04979899 0.05477387 0.05974874 0.06472362
 0.06969849 0.07467337 0.07964824 0.08462312 0.08959799 0.09457286
 0.09954774 0.10452261 0.10949749 0.11447236 0.11944724 0.12442211
 0.12939698 0.13437186 0.13934673 0.14432161 0.14929648 0.15427136
 0.15924623 0.16422111 0.16919598 0.17417085 0.17914573 0.1841206
 0.18909548 0.19407035 0.19904523 0.2040201  0.20899497 0.21396985
 0.21894472 0.2239196  0.22889447 0.23386935 0.23884422 0.2438191
 0.24879397 0.25376884 0.25874372 0.26371859 0.26869347 0.27366834
 0.27864322 0.28361809 0.28859296 0.29356784 0.29854271 0.30351759
 0.30849246 0.31346734 0.31844221 0.32341709 0.32839196 0.33336683
 0.33834171 0.34331658 0.34829146 0.35326633 0.35824121 0.36321608
 0.36819095 0.37316583 0.3781407  0.38311558 0.38809045 0.39306533
 0.3980402  0.40301508 0.40798995 0.41296482 0.4179397  0.42291457
 0.42788945 0.43286432 0.4378392  0.44281407 0.44778894 0.45276382
 0.45773869 0.46271357 0.46768844 0.47266332 0.47763819 0.48261307
 0.48758794 0.49256281 0.49753769 0.50251256 0.50748744 0.51246231
 0.51743719 0.52241206 0.52738693 0.53236181 0.53733668 0.54231156
 0.54728643 0.55226131 0.55723618 0.56221106 0.56718593 0.5721608
 0.57713568 0.58211055 0.58708543 0.5920603  0.59703518 0.60201005
 0.60698492 0.6119598  0.61693467 0.62190955 0.62688442 0.6318593
 0.63683417 0.64180905 0.64678392 0.65175879 0.65673367 0.66170854
 0.66668342 0.67165829 0.67663317 0.68160804 0.68658291 0.69155779
 0.69653266 0.70150754 0.70648241 0.71145729 0.71643216 0.72140704
 0.72638191 0.73135678 0.73633166 0.74130653 0.74628141 0.75125628
 0.75623116 0.76120603 0.7661809  0.77115578 0.77613065 0.78110553
 0.7860804  0.79105528 0.79603015 0.80100503 0.8059799  0.81095477
 0.81592965 0.82090452 0.8258794  0.83085427 0.83582915 0.84080402
 0.84577889 0.85075377 0.85572864 0.86070352 0.86567839 0.87065327
 0.87562814 0.88060302 0.88557789 0.89055276 0.89552764 0.90050251
 0.90547739 0.91045226 0.91542714 0.92040201 0.92537688 0.93035176
 0.93532663 0.94030151 0.94527638 0.95025126 0.95522613 0.96020101
 0.96517588 0.97015075 0.97512563 0.9801005  0.98507538 0.99005025
 0.99502513 1.        ]
Initial colony size = 10
(C, $\alpha$, t_mic, period, end, K, $\gamma$) = (20, 0.7, 4.279617533648558, 6, 6, 10000, 1)
g\in [0.01, 1.0
eta \in [0.01, 1.0
